[gd_scene load_steps=7 format=3 uid="uid://eyxrj40ah7ti"]

[ext_resource type="PackedScene" uid="uid://cs7x65e5s6akq" path="res://BaseScenes/BaseLevel/BaseLevel.tscn" id="1_1qkjd"]
[ext_resource type="MeshLibrary" uid="uid://bef7mwhbwqwiq" path="res://Scenes/GridMapLibrary/Roads/Roads.tres" id="2_sylpw"]
[ext_resource type="PackedScene" uid="uid://d2a7pndqqmwnf" path="res://Scenes/BuildingsBlock/Apartement/TestMeduimBuilding/test_apartement_buidling.tscn" id="3_ptqpm"]
[ext_resource type="PackedScene" uid="uid://baq5fam5xesra" path="res://Scenes/Player/Player.tscn" id="4_smmf0"]
[ext_resource type="PackedScene" uid="uid://dnblltv50fky0" path="res://Scenes/Weapons/Ranged/Ak/Ak.tscn" id="5_6as6a"]
[ext_resource type="PackedScene" uid="uid://7n3iw4wdvwcy" path="res://Scenes/Weapons/Ranged/9mm/9mm.tscn" id="6_veadp"]

[node name="BaseLevel" instance=ExtResource("1_1qkjd")]

[node name="Surface" parent="." index="1"]
mesh_library = ExtResource("2_sylpw")
cell_size = Vector3(10, 0.125, 10)
cell_center_y = false
data = {
"cells": PackedInt32Array(-1245189, 65531, 57, -1245189, 65532, 57, -1245189, 65533, 57, -1245189, 65534, 57, -1245189, 65535, 57, -1245189, 0, 57, -1245189, 1, 57, -1245189, 2, 57, -1245189, 3, 57, -1245189, 4, 57, -1245188, 65531, 57, -1245188, 65532, 57, -1245188, 65533, 57, -1245188, 65534, 57, -1245188, 65535, 57, -1245188, 0, 57, -1245188, 1, 57, -1245188, 2, 57, -1245188, 3, 57, -1245188, 4, 57, -1245187, 65531, 57, -1245187, 65532, 57, -1245187, 65533, 57, -1245187, 65534, 57, -1245187, 65535, 57, -1245187, 0, 57, -1245187, 1, 57, -1245187, 2, 57, -1245187, 3, 57, -1245187, 4, 57, -1245186, 65531, 57, -1245186, 65532, 57, -1245186, 65533, 57, -1245186, 65534, 57, -1245186, 65535, 57, -1245186, 0, 57, -1245186, 1, 57, -1245186, 2, 57, -1245186, 3, 57, -1245186, 4, 57, -1245185, 65531, 57, -1245185, 65532, 57, -1245185, 65533, 57, -1245185, 65534, 57, -1245185, 65535, 57, -1245185, 0, 57, -1245185, 1, 57, -1245185, 2, 57, -1245185, 3, 57, -1245185, 4, 57, -1310720, 65531, 57, -1310720, 65532, 57, -1310720, 65533, 57, -1310720, 65534, 57, -1310720, 65535, 57, -1310720, 0, 57, -1310720, 1, 57, -1310720, 2, 57, -1310720, 3, 57, -1310720, 4, 57, -1310719, 65531, 57, -1310719, 65532, 57, -1310719, 65533, 57, -1310719, 65534, 57, -1310719, 65535, 57, -1310719, 0, 57, -1310719, 1, 57, -1310719, 2, 57, -1310719, 3, 57, -1310719, 4, 57, -1310718, 65531, 57, -1310718, 65532, 57, -1310718, 65533, 57, -1310718, 65534, 57, -1310718, 65535, 57, -1310718, 0, 57, -1310718, 1, 57, -1310718, 2, 57, -1310718, 3, 57, -1310718, 4, 57, -1310717, 65531, 57, -1310717, 65532, 57, -1310717, 65533, 57, -1310717, 65534, 57, -1310717, 65535, 57, -1310717, 0, 57, -1310717, 1, 57, -1310717, 2, 57, -1310717, 3, 57, -1310717, 4, 57, -1310716, 65531, 57, -1310716, 65532, 57, -1310716, 65533, 57, -1310716, 65534, 57, -1310716, 65535, 57, -1310716, 0, 57, -1310716, 1, 57, -1310716, 2, 57, -1310716, 3, 57, -1310716, 4, 57)
}
metadata/_editor_floor_ = Vector3(0, -20, 0)

[node name="TestApartementBuidling" parent="Buildings" index="0" instance=ExtResource("3_ptqpm")]
transform = Transform3D(-1, 0, 8.74228e-08, 0, 1, 0, -8.74228e-08, 0, -1, -38.1041, 0.006, 42.627)

[node name="TestApartementBuidling2" parent="Buildings" index="1" instance=ExtResource("3_ptqpm")]
transform = Transform3D(-0.998018, 0, -0.0629298, 0, 1, 0, 0.0629298, 0, -0.998018, -16.6832, 0.006, 40.8663)

[node name="TestApartementBuidling3" parent="Buildings" index="2" instance=ExtResource("3_ptqpm")]
transform = Transform3D(-0.991076, 0, -0.133294, 0, 1, 0, 0.133294, 0, -0.991076, 4.66905, 0.006, 38.9361)

[node name="TestApartementBuidling4" parent="Buildings" index="3" instance=ExtResource("3_ptqpm")]
transform = Transform3D(-0.982684, 0, -0.185289, 0, 1, 0, 0.185289, 0, -0.982684, 31.3338, 0.006, 34.2097)

[node name="TestApartementBuidling5" parent="Buildings" index="4" instance=ExtResource("3_ptqpm")]
transform = Transform3D(-8.75443e-08, 0, -1, 0, 1, 0, 1, 0, -8.75443e-08, 44.2586, 0.006, 11.3285)

[node name="TestApartementBuidling6" parent="Buildings" index="5" instance=ExtResource("3_ptqpm")]
transform = Transform3D(-0.999827, 0, -0.0185866, 0, 1, 0, 0.0185866, 0, -0.999827, -7.17145, 0.006, -12.6763)

[node name="TestApartementBuidling9" parent="Buildings" index="6" instance=ExtResource("3_ptqpm")]
transform = Transform3D(0.999827, 0, 0.0185867, 0, 1, 0, -0.0185867, 0, 0.999827, -15.5737, 0.006, 13.882)

[node name="TestApartementBuidling12" parent="Buildings" index="7" instance=ExtResource("3_ptqpm")]
transform = Transform3D(0.0286542, 0, -0.999589, 0, 1, 0, 0.999589, 0, 0.0286542, -30.3154, 0.006, -0.766444)

[node name="TestApartementBuidling13" parent="Buildings" index="8" instance=ExtResource("3_ptqpm")]
transform = Transform3D(0.213746, 0, -0.976889, 0, 1, 0, 0.976889, 0, 0.213746, 42.8114, 0.006, -27.2658)

[node name="TestApartementBuidling14" parent="Buildings" index="9" instance=ExtResource("3_ptqpm")]
transform = Transform3D(0.996759, 0, 0.0804423, 0, 1, 0, -0.0804423, 0, 0.996759, 20.9833, 0.006, -44.0062)

[node name="TestApartementBuidling15" parent="Buildings" index="10" instance=ExtResource("3_ptqpm")]
transform = Transform3D(0.996759, 0, 0.0804423, 0, 1, 0, -0.0804423, 0, 0.996759, 1.12459, 0.006, -39.5749)

[node name="TestApartementBuidling16" parent="Buildings" index="11" instance=ExtResource("3_ptqpm")]
transform = Transform3D(0.996759, 0, 0.0804423, 0, 1, 0, -0.0804423, 0, 0.996759, -18.2417, 0.006, -43.3497)

[node name="TestApartementBuidling17" parent="Buildings" index="12" instance=ExtResource("3_ptqpm")]
transform = Transform3D(0.996759, 0, 0.0804423, 0, 1, 0, -0.0804423, 0, 0.996759, -37.4439, 0.006, -35.4719)

[node name="Player" parent="Players" index="0" instance=ExtResource("4_smmf0")]
transform = Transform3D(1, 0, 0, 0, 1, 0, 0, 0, 1, -36.1104, 1.06628, 28.0761)

[node name="Ak" parent="Items" index="0" instance=ExtResource("5_6as6a")]
transform = Transform3D(1, 0, 0, 0, 1, 0, 0, 0, 1, -26.1994, 2.18096, 29.3689)

[node name="BaseItem" parent="Items" index="1" instance=ExtResource("6_veadp")]
transform = Transform3D(1, 0, 0, 0, 1, 0, 0, 0, 1, -26.1994, 2.18096, 28.4612)
